0.848518 0.0463369 0.430149 1.0268
0.430149 0.521848 0.227574 0.601904
0.227574 0.834665 0.991723 0.902322
0.991723 0.890912 0.967289 1.17375
0.967289 0.220436 0.866713 0.916488
0.866713 0.85043 0.961568 0.271646
0.961568 0.0733723 0.116282 0.040207
0.116282 0.347313 0.73187 0.496611
0.73187 0.538223 0.194181 0.315714
0.194181 0.605842 0.911245 0.510726
0.911245 0.287594 0.303632 0.290353
0.303632 0.147339 0.616966 0.642495
0.616966 0.345193 0.0430064 0.21408
0.0430064 0.808434 0.266459 0.572394
0.266459 0.381233 0.651485 0.222193
0.651485 0.512357 0.216515 0.392987
0.216515 0.966049 0.91837 0.38904
0.91837 0.048731 0.871359 0.409609
0.871359 0.933701 0.0193113 0.580082
0.0193113 0.56437 0.416647 0.8253
0.416647 0.585635 0.346924 0.376278
0.346924 0.755223 0.948976 0.192775
0.948976 0.439864 0.372329 0.0544732
0.372329 0.728003 0.898398 1.20668
0.898398 0.367097 0.446117 0.448177
0.446117 0.880529 0.488452 1.04338
0.488452 0.416213 0.744145 0.511513
0.744145 0.843203 0.206365 0.797008
0.206365 0.380931 0.45429 1.02528
0.45429 0.255881 0.0506892 0.518369
0.0506892 0.933509 0.371027 0.134289
0.371027 0.85647 0.532975 0.161633
0.532975 0.709262 0.50268 0.876699
0.50268 0.54126 0.092153 1.05774
0.092153 0.814794 0.232351 0.97823
0.232351 0.130208 0.223607 0.234375
0.223607 0.164141 0.278306 0.803846
0.278306 0.4945 0.388244 0.977878
0.388244 0.21085 0.540313 0.0838529
0.540313 0.0326413 0.805803 0.461869
0.805803 0.130636 0.880163 0.727127
0.880163 0.906755 0.642486 0.883397
0.642486 0.26338 0.11437 0.703301
0.11437 0.220639 0.421784 0.877275
0.421784 0.920655 0.0885612 0.663537
0.0885612 0.448521 0.621301 0.471088
0.621301 0.202273 0.678106 0.156991
0.678106 0.919607 0.111436 0.328502
0.111436 0.896519 0.154013 0.063035
0.154013 0.493079 0.183573 0.373102
