0.287195 0.893323 0.599202 0.547631
0.599202 0.781336 0.417831 0.393075
0.417831 0.490378 0.558244 0.340965
0.558244 0.407996 0.152469 0.432309
0.152469 0.554457 0.876078 0.989907
0.876078 0.245047 0.162505 0.655328
0.162505 0.226426 0.77406 0.395936
0.77406 0.61948 0.182002 0.535097
0.182002 0.899508 0.609608 1.20905
0.609608 0.679487 0.383113 0.412917
0.383113 0.980094 0.935733 0.00929987
0.935733 0.86448 0.969236 1.07344
0.969236 0.954945 0.239295 0.64254
0.239295 0.835492 0.0954237 0.803614
0.0954237 0.786053 0.878762 0.921432
0.878762 0.35624 0.522912 0.749563
0.522912 0.58287 0.00208858 0.601016
0.00208858 0.102722 0.150601 0.504128
0.150601 0.1545 0.523992 1.04338
0.523992 0.729309 0.04017 0.18195
0.04017 0.136868 0.891344 0.46064
0.891344 0.821372 0.867927 0.621796
0.867927 0.247835 0.740042 0.968672
0.740042 0.890973 0.174837 0.78254
0.174837 0.491357 0.976825 0.298616
0.976825 0.492841 0.555759 0.19987
0.555759 0.647749 0.891197 0.00864241
0.891197 0.351151 0.0440882 0.381562
0.0440882 0.990225 0.0271866 0.237922
0.0271866 0.924991 0.824154 0.790219
0.824154 0.561094 0.764203 0.312121
0.764203 0.955043 0.274016 0.548043
0.274016 0.384603 0.0812392 0.595279
0.0812392 0.387833 0.909856 0.754752
0.909856 0.94522 0.984317 0.551802
0.984317 0.411507 0.911829 0.725385
0.911829 0.115189 0.650239 0.131401
0.650239 0.565659 0.0785316 0.72278
0.0785316 0.879891 0.739661 1.08054
0.739661 0.486443 0.388331 0.493605
0.388331 0.676267 0.649664 0.445648
0.649664 0.902942 0.114254 0.0721185
0.114254 0.268961 0.921086 1.10891
0.921086 0.689127 0.236386 1.13997
0.236386 0.945204 0.721765 0.861959
0.721765 0.711982 0.281493 0.358754
0.281493 0.0554005 0.528981 0.172536
0.528981 0.584097 0.34445 0.938548
0.34445 0.163259 0.58284 1.02216
0.58284 0.797696 0.883745 0.122158
